4 0.1875 0.15024038461538464 0.10576923076923078 0.09855769230769232
5 0.2764423076923077 0.7115384615384616 0.09615384615384616 0.14903846153846154
4 0.3197115384615385 0.19471153846153846 0.038461538461538464 0.16346153846153846
7 0.020432692307692308 0.4651442307692308 0.03605769230769231 0.09375
7 0.18389423076923078 0.5757211538461539 0.06971153846153846 0.08413461538461539
9 0.020432692307692308 0.19951923076923078 0.03605769230769231 0.15384615384615385
1 0.4747596153846154 0.33052884615384615 0.03125 0.08413461538461539
1 0.5721153846153847 0.296875 0.038461538461538464 0.10336538461538462
1 0.6033653846153847 0.09134615384615385 0.1201923076923077 0.04807692307692308
4 0.4567307692307693 0.17548076923076925 0.04326923076923077 0.0625
