1 0.4338942307692308 0.25961538461538464 0.22355769230769232 0.04326923076923077
1 0.7764423076923077 0.390625 0.057692307692307696 0.2716346153846154
1 0.6899038461538461 0.6995192307692308 0.21634615384615385 0.028846153846153848
1 0.3401442307692308 0.671875 0.06971153846153846 0.06490384615384616
1 0.2043269230769231 0.2884615384615385 0.125 0.04326923076923077
1 0.34375 0.42668269230769235 0.14903846153846154 0.10817307692307693
1 0.9158653846153847 0.5324519230769231 0.16826923076923078 0.19951923076923078
3 0.06370192307692309 0.9699519230769231 0.09855769230769232 0.06009615384615385
3 0.3269230769230769 0.9495192307692308 0.2644230769230769 0.10096153846153846
1 0.05288461538461539 0.46153846153846156 0.10096153846153846 0.21634615384615385
