5 0.41466346153846156 0.12740384615384617 0.09855769230769232 0.14903846153846154
9 0.45432692307692313 0.7223557692307693 0.09615384615384616 0.13221153846153846
1 0.8305288461538461 0.22355769230769232 0.05048076923076923 0.04807692307692308
9 0.6959134615384616 0.8954326923076924 0.17067307692307693 0.2091346153846154
9 0.5108173076923077 0.9182692307692308 0.06971153846153846 0.10096153846153846
9 0.545673076923077 0.9879807692307693 0.05288461538461539 0.02403846153846154
1 0.4951923076923077 0.29086538461538464 0.1778846153846154 0.09615384615384616
1 0.6358173076923077 0.09735576923076923 0.040865384615384616 0.18990384615384617
1 0.9326923076923077 0.27403846153846156 0.03365384615384616 0.20192307692307693
1 0.6021634615384616 0.5853365384615385 0.040865384615384616 0.2139423076923077
1 0.4278846153846154 0.5673076923076923 0.07692307692307693 0.07692307692307693
