1 0.5588942307692308 0.7463942307692308 0.2139423076923077 0.040865384615384616
1 0.6538461538461539 0.3233173076923077 0.08653846153846154 0.07451923076923077
3 0.5540865384615385 0.26802884615384615 0.0889423076923077 0.1514423076923077
3 0.6850961538461539 0.06610576923076923 0.22596153846153846 0.12740384615384617
3 0.9423076923076924 0.056490384615384616 0.10096153846153846 0.10817307692307693
1 0.22716346153846156 0.608173076923077 0.05528846153846154 0.2644230769230769
1 0.3112980769230769 0.3040865384615385 0.2091346153846154 0.03125
1 0.171875 0.27524038461538464 0.06971153846153846 0.021634615384615384
1 0.9735576923076924 0.5348557692307693 0.04807692307692308 0.09855769230769232
1 0.796875 0.7163461538461539 0.12259615384615385 0.04807692307692308
