1 0.8557692307692308 0.14783653846153846 0.22596153846153846 0.05048076923076923
1 0.7307692307692308 0.3269230769230769 0.13461538461538464 0.07211538461538462
1 0.6045673076923077 0.2199519230769231 0.11778846153846155 0.03605769230769231
1 0.6887019230769231 0.6141826923076923 0.0889423076923077 0.11778846153846155
1 0.4278846153846154 0.4182692307692308 0.057692307692307696 0.13942307692307693
3 0.07692307692307693 0.36418269230769235 0.14903846153846154 0.13221153846153846
3 0.2620192307692308 0.9134615384615385 0.2403846153846154 0.17307692307692307
3 0.6622596153846154 0.9182692307692308 0.24759615384615385 0.16346153846153846
3 0.8004807692307693 0.6754807692307693 0.16826923076923078 0.14903846153846154
1 0.05528846153846154 0.05168269230769231 0.07692307692307693 0.09855769230769232
1 0.3028846153846154 0.12620192307692307 0.04807692307692308 0.12259615384615385
1 0.6959134615384616 0.22596153846153846 0.04567307692307693 0.16346153846153846
1 0.8882211538461539 0.25480769230769235 0.03605769230769231 0.08653846153846154
1 0.9194711538461539 0.3509615384615385 0.06490384615384616 0.057692307692307696
1 0.9194711538461539 0.43870192307692313 0.07932692307692309 0.04567307692307693
