9 0.10697115384615385 0.34615384615384615 0.06971153846153846 0.12980769230769232
4 0.29086538461538464 0.3161057692307693 0.09134615384615385 0.0889423076923077
7 0.11538461538461539 0.6129807692307693 0.04807692307692308 0.10576923076923078
4 0.5733173076923077 0.35216346153846156 0.06490384615384616 0.0889423076923077
4 0.4254807692307693 0.36778846153846156 0.03365384615384616 0.15384615384615385
5 0.38822115384615385 0.875 0.10817307692307693 0.15384615384615385
1 0.3449519230769231 0.11177884615384616 0.026442307692307696 0.10336538461538462
1 0.4495192307692308 0.04567307692307693 0.05288461538461539 0.08653846153846154
1 0.7079326923076924 0.4915865384615385 0.03125 0.11298076923076923
1 0.5877403846153847 0.5204326923076923 0.03125 0.08413461538461539
7 0.29447115384615385 0.7379807692307693 0.07451923076923077 0.08173076923076923
1 0.11658653846153846 0.5048076923076923 0.08413461538461539 0.09615384615384616
