3 0.6045673076923077 0.31730769230769235 0.29086538461538464 0.27403846153846156
1 0.2824519230769231 0.25240384615384615 0.07932692307692309 0.15865384615384617
1 0.7740384615384616 0.037259615384615384 0.038461538461538464 0.06971153846153846
1 0.9795673076923077 0.12139423076923078 0.040865384615384616 0.07932692307692309
1 0.4747596153846154 0.7103365384615385 0.06971153846153846 0.040865384615384616
1 0.3858173076923077 0.7451923076923077 0.06971153846153846 0.04807692307692308
1 0.33293269230769235 0.8016826923076924 0.03605769230769231 0.05528846153846154
3 0.10576923076923078 0.6923076923076923 0.20673076923076925 0.25961538461538464
3 0.7560096153846154 0.8978365384615385 0.4879807692307693 0.2043269230769231
3 0.7980769230769231 0.265625 0.057692307692307696 0.10336538461538462
3 0.7992788461538461 0.5108173076923077 0.08413461538461539 0.0889423076923077
