9 0.6790865384615385 0.2247596153846154 0.16105769230769232 0.2716346153846154
9 0.7980769230769231 0.026442307692307696 0.08653846153846154 0.04807692307692308
9 0.889423076923077 0.13341346153846154 0.13461538461538464 0.23798076923076925
9 0.9579326923076924 0.34615384615384615 0.08413461538461539 0.20192307692307693
2 0.9290865384615385 0.5180288461538461 0.06971153846153846 0.13221153846153846
1 0.3245192307692308 0.40384615384615385 0.05288461538461539 0.3269230769230769
1 0.8389423076923077 0.4206730769230769 0.08173076923076923 0.2692307692307693
1 0.22355769230769232 0.8725961538461539 0.09134615384615385 0.14903846153846154
1 0.4098557692307693 0.9158653846153847 0.07932692307692309 0.16826923076923078
0 0.4963942307692308 0.43870192307692313 0.10336538461538462 0.12259615384615385
2 0.2956730769230769 0.13461538461538464 0.08173076923076923 0.0625
7 0.21875 0.3737980769230769 0.13942307692307693 0.2091346153846154
