1 0.6045673076923077 0.41586538461538464 0.04567307692307693 0.03365384615384616
1 0.545673076923077 0.4639423076923077 0.07211538461538462 0.04326923076923077
1 0.4603365384615385 0.5036057692307693 0.04567307692307693 0.05528846153846154
3 0.21033653846153846 0.30168269230769235 0.3197115384615385 0.29086538461538464
3 0.8137019230769231 0.6045673076923077 0.3629807692307693 0.16586538461538464
3 0.3269230769230769 0.9278846153846154 0.2451923076923077 0.14423076923076925
1 0.639423076923077 0.9338942307692308 0.04807692307692308 0.07451923076923077
3 0.5228365384615384 0.1887019230769231 0.10817307692307693 0.10336538461538462
3 0.46634615384615385 0.33293269230769235 0.09615384615384616 0.15625
3 0.7139423076923077 0.3088942307692308 0.20192307692307693 0.23798076923076925
