4 0.576923076923077 0.7740384615384616 0.10096153846153846 0.08173076923076923
1 0.32572115384615385 0.2668269230769231 0.040865384615384616 0.13461538461538464
1 0.8221153846153847 0.20192307692307693 0.03365384615384616 0.13942307692307693
1 0.9338942307692308 0.6274038461538461 0.13221153846153846 0.15384615384615385
2 0.8161057692307693 0.4254807692307693 0.07932692307692309 0.10576923076923078
4 0.7223557692307693 0.8016826923076924 0.05048076923076923 0.16586538461538464
4 0.8798076923076924 0.7463942307692308 0.05288461538461539 0.08413461538461539
9 0.3978365384615385 0.8473557692307693 0.07451923076923077 0.14182692307692307
1 0.9338942307692308 0.9182692307692308 0.026442307692307696 0.11538461538461539
1 0.4399038461538462 0.054086538461538464 0.04326923076923077 0.10336538461538462
1 0.5853365384615385 0.9254807692307693 0.03605769230769231 0.057692307692307696
1 0.5180288461538461 0.2644230769230769 0.07451923076923077 0.08173076923076923
