1 0.3473557692307693 0.9639423076923077 0.18509615384615385 0.07211538461538462
7 0.31490384615384615 0.608173076923077 0.1201923076923077 0.20673076923076925
9 0.6478365384615385 0.8701923076923077 0.13221153846153846 0.15865384615384617
9 0.9447115384615385 0.9411057692307693 0.11057692307692309 0.11778846153846155
2 0.3557692307692308 0.8509615384615385 0.09134615384615385 0.07692307692307693
0 0.576923076923077 0.6129807692307693 0.09615384615384616 0.14903846153846154
1 0.5036057692307693 0.12379807692307693 0.04567307692307693 0.24278846153846156
1 0.3509615384615385 0.13701923076923078 0.07211538461538462 0.15865384615384617
1 0.18028846153846154 0.2295673076923077 0.1778846153846154 0.09375
1 0.9158653846153847 0.3617788461538462 0.16346153846153846 0.07932692307692309
