1 0.47836538461538464 0.4879807692307693 0.19230769230769232 0.20673076923076925
5 0.41466346153846156 0.8629807692307693 0.10336538461538462 0.15384615384615385
9 0.453125 0.2728365384615385 0.07932692307692309 0.13221153846153846
9 0.5480769230769231 0.013221153846153848 0.057692307692307696 0.021634615384615384
9 0.686298076923077 0.10817307692307693 0.16586538461538464 0.20673076923076925
1 0.5096153846153847 0.7055288461538461 0.16346153846153846 0.09375
1 0.6346153846153847 0.9134615384615385 0.028846153846153848 0.17307692307692307
9 0.8341346153846154 0.7752403846153847 0.057692307692307696 0.06009615384615385
9 0.5084134615384616 0.056490384615384616 0.06009615384615385 0.05048076923076923
1 0.796875 0.9387019230769231 0.021634615384615384 0.11778846153846155
