5 0.5048076923076923 0.5901442307692308 0.06730769230769232 0.18028846153846154
2 0.17427884615384617 0.7271634615384616 0.07451923076923077 0.24759615384615385
8 0.5829326923076923 0.040865384615384616 0.13221153846153846 0.07692307692307693
2 0.19230769230769232 0.2091346153846154 0.15865384615384617 0.13461538461538464
2 0.21033653846153846 0.4675480769230769 0.07932692307692309 0.18509615384615385
4 0.7920673076923077 0.9158653846153847 0.07451923076923077 0.1201923076923077
0 0.43149038461538464 0.9290865384615385 0.16586538461538464 0.14182692307692307
2 0.7307692307692308 0.45793269230769235 0.04807692307692308 0.0889423076923077
1 0.3425480769230769 0.4435096153846154 0.16105769230769232 0.040865384615384616
1 0.2956730769230769 0.9110576923076924 0.07692307692307693 0.1778846153846154
