7 0.34615384615384615 0.12980769230769232 0.06730769230769232 0.14423076923076925
9 0.2848557692307693 0.15504807692307693 0.03605769230769231 0.05048076923076923
9 0.24759615384615385 0.25961538461538464 0.028846153846153848 0.05288461538461539
8 0.5817307692307693 0.1310096153846154 0.038461538461538464 0.07451923076923077
9 0.4399038461538462 0.13341346153846154 0.05288461538461539 0.06971153846153846
9 0.15504807692307693 0.32211538461538464 0.03125 0.04807692307692308
9 0.09615384615384616 0.6165865384615385 0.019230769230769232 0.03605769230769231
1 0.10817307692307693 0.7355769230769231 0.02403846153846154 0.13461538461538464
1 0.5480769230769231 0.7199519230769231 0.13461538461538464 0.03605769230769231
1 0.6502403846153847 0.6141826923076923 0.03605769230769231 0.08413461538461539
1 0.7584134615384616 0.3088942307692308 0.0889423076923077 0.08413461538461539
1 0.9663461538461539 0.9182692307692308 0.04807692307692308 0.16346153846153846
