5 0.4483173076923077 0.33653846153846156 0.1466346153846154 0.25
2 0.2644230769230769 0.10817307692307693 0.057692307692307696 0.16826923076923078
2 0.3665865384615385 0.5817307692307693 0.05528846153846154 0.20192307692307693
8 0.4074519230769231 0.7860576923076924 0.07451923076923077 0.20192307692307693
4 0.8473557692307693 0.5024038461538461 0.08413461538461539 0.10576923076923078
0 0.5564903846153847 0.10817307692307693 0.13701923076923078 0.21153846153846156
5 0.7572115384615385 0.22596153846153846 0.09134615384615385 0.17307692307692307
5 0.5180288461538461 0.875 0.09375 0.13942307692307693
5 0.4182692307692308 0.9615384615384616 0.08653846153846154 0.07692307692307693
5 0.07211538461538462 0.748798076923077 0.13942307692307693 0.3822115384615385
