7 0.29447115384615385 0.6201923076923077 0.05048076923076923 0.15384615384615385
9 0.375 0.608173076923077 0.038461538461538464 0.07692307692307693
9 0.2139423076923077 0.7752403846153847 0.019230769230769232 0.05048076923076923
7 0.2536057692307692 0.890625 0.04567307692307693 0.06490384615384616
9 0.13221153846153846 0.8677884615384616 0.03365384615384616 0.04326923076923077
1 0.6694711538461539 0.6875 0.10817307692307693 0.08653846153846154
9 0.24278846153846156 0.65625 0.028846153846153848 0.05288461538461539
1 0.8918269230769231 0.8689903846153847 0.21634615384615385 0.2620192307692308
1 0.125 0.14783653846153846 0.04326923076923077 0.29086538461538464
1 0.7512019230769231 0.171875 0.03125 0.12259615384615385
