2 0.20192307692307693 0.7896634615384616 0.16826923076923078 0.16105769230769232
8 0.5817307692307693 0.9375 0.1826923076923077 0.1201923076923077
2 0.1778846153846154 0.27403846153846156 0.08653846153846154 0.2644230769230769
2 0.21033653846153846 0.5432692307692308 0.08413461538461539 0.16826923076923078
5 0.4411057692307693 0.4242788461538462 0.19471153846153846 0.21875
4 0.7896634615384616 0.07692307692307693 0.06971153846153846 0.1201923076923077
0 0.4375 0.07211538461538462 0.19230769230769232 0.13942307692307693
1 0.3497596153846154 0.5697115384615385 0.17548076923076925 0.0625
5 0.5877403846153847 0.7067307692307693 0.06009615384615385 0.07211538461538462
2 0.7307692307692308 0.5360576923076923 0.04326923076923077 0.07692307692307693
