0 0.14903846153846154 0.7163461538461539 0.12980769230769232 0.3557692307692308
0 0.23197115384615385 0.3774038461538462 0.17067307692307693 0.09134615384615385
0 0.37980769230769235 0.06610576923076923 0.125 0.12740384615384617
0 0.5985576923076923 0.43028846153846156 0.0625 0.1826923076923077
0 0.78125 0.4098557692307693 0.0625 0.18509615384615385
0 0.8521634615384616 0.7199519230769231 0.0889423076923077 0.13221153846153846
0 0.9447115384615385 0.46153846153846156 0.06730769230769232 0.08173076923076923
0 0.4399038461538462 0.9807692307692308 0.04326923076923077 0.038461538461538464
0 0.28125 0.4915865384615385 0.07211538461538462 0.09375
0 0.2355769230769231 0.8473557692307693 0.09134615384615385 0.18028846153846154
0 0.8689903846153847 0.5096153846153847 0.14182692307692307 0.16826923076923078
