2 0.3653846153846154 0.4206730769230769 0.0625 0.1875
8 0.40384615384615385 0.21153846153846156 0.07211538461538462 0.19230769230769232
5 0.44711538461538464 0.6634615384615385 0.13461538461538464 0.2451923076923077
5 0.5192307692307693 0.12139423076923078 0.08653846153846154 0.1466346153846154
4 0.8473557692307693 0.4987980769230769 0.06009615384615385 0.0889423076923077
5 0.75 0.7692307692307693 0.09615384615384616 0.16346153846153846
0 0.546875 0.8990384615384616 0.11298076923076923 0.20192307692307693
2 0.2716346153846154 0.8870192307692308 0.057692307692307696 0.17307692307692307
5 0.07091346153846154 0.25 0.13701923076923078 0.34134615384615385
5 0.4206730769230769 0.038461538461538464 0.07692307692307693 0.07211538461538462
