2 0.828125 0.2668269230769231 0.06971153846153846 0.25480769230769235
2 0.8100961538461539 0.7836538461538461 0.13461538461538464 0.1201923076923077
4 0.2091346153846154 0.078125 0.0625 0.11778846153846155
2 0.265625 0.5420673076923077 0.06009615384615385 0.0889423076923077
8 0.41586538461538464 0.9555288461538463 0.13942307692307693 0.0889423076923077
2 0.7824519230769231 0.5396634615384616 0.06009615384615385 0.16105769230769232
5 0.4987980769230769 0.3930288461538462 0.06490384615384616 0.16105769230769232
0 0.5721153846153847 0.06490384615384616 0.17307692307692307 0.125
1 0.6514423076923077 0.5685096153846154 0.1778846153846154 0.040865384615384616
1 0.8882211538461539 0.5516826923076923 0.05048076923076923 0.18028846153846154
