5 0.5552884615384616 0.32572115384615385 0.12980769230769232 0.2572115384615385
2 0.6358173076923077 0.5745192307692308 0.06009615384615385 0.19711538461538464
0 0.4447115384615385 0.09615384615384616 0.11538461538461539 0.1875
5 0.2536057692307692 0.22596153846153846 0.12259615384615385 0.16346153846153846
4 0.15264423076923078 0.5036057692307693 0.07932692307692309 0.09375
5 0.4795673076923077 0.875 0.09375 0.13942307692307693
8 0.59375 0.7836538461538461 0.07692307692307693 0.19711538461538464
5 0.5829326923076923 0.9627403846153847 0.09375 0.07451923076923077
2 0.7295673076923077 0.10336538461538462 0.06009615384615385 0.16346153846153846
5 0.9230769230769231 0.7463942307692308 0.15384615384615385 0.43028846153846156
