0 0.8689903846153847 0.27884615384615385 0.11778846153846155 0.34134615384615385
0 0.7788461538461539 0.6225961538461539 0.13942307692307693 0.08653846153846154
0 0.14783653846153846 0.27403846153846156 0.0889423076923077 0.125
0 0.05288461538461539 0.5288461538461539 0.07211538461538462 0.08653846153846154
0 0.0889423076923077 0.421875 0.0625 0.05048076923076923
0 0.21514423076923078 0.5889423076923077 0.06009615384615385 0.15865384615384617
0 0.6274038461538461 0.936298076923077 0.125 0.12740384615384617
0 0.40384615384615385 0.5853365384615385 0.0625 0.16586538461538464
0 0.7680288461538461 0.13822115384615385 0.08413461538461539 0.18028846153846154
0 0.71875 0.48197115384615385 0.05288461538461539 0.12259615384615385
