5 0.7560096153846154 0.36778846153846156 0.10336538461538462 0.2451923076923077
5 0.8822115384615385 0.609375 0.13942307692307693 0.2668269230769231
2 0.27884615384615385 0.5673076923076923 0.08653846153846154 0.16826923076923078
5 0.5685096153846154 0.5480769230769231 0.12259615384615385 0.14903846153846154
2 0.9603365384615385 0.8497596153846154 0.06009615384615385 0.18990384615384617
9 0.3112980769230769 0.1358173076923077 0.04567307692307693 0.07451923076923077
0 0.19230769230769232 0.25961538461538464 0.05288461538461539 0.09134615384615385
0 0.06730769230769232 0.12740384615384617 0.08653846153846154 0.11538461538461539
4 0.4807692307692308 0.826923076923077 0.06730769230769232 0.08653846153846154
1 0.639423076923077 0.12259615384615385 0.12980769230769232 0.04326923076923077
0 0.7427884615384616 0.1622596153846154 0.04326923076923077 0.09375
0 0.8233173076923077 0.12860576923076925 0.06009615384615385 0.08413461538461539
0 0.8461538461538463 0.29447115384615385 0.07692307692307693 0.08413461538461539
