2 0.6826923076923077 0.2403846153846154 0.04807692307692308 0.20673076923076925
5 0.6009615384615385 0.48197115384615385 0.125 0.2572115384615385
0 0.4879807692307693 0.7259615384615385 0.11057692307692309 0.27403846153846156
2 0.7704326923076924 0.7211538461538461 0.05528846153846154 0.1826923076923077
5 0.3004807692307693 0.5673076923076923 0.11538461538461539 0.15384615384615385
5 0.9567307692307693 0.12740384615384617 0.08653846153846154 0.25
2 0.019230769230769232 0.5564903846153847 0.03365384615384616 0.09855769230769232
4 0.9495192307692308 0.9110576923076924 0.10096153846153846 0.1778846153846154
0 0.967548076923077 0.9194711538461539 0.06490384615384616 0.07932692307692309
2 0.6430288461538461 0.0625 0.06009615384615385 0.1201923076923077
