2 0.7884615384615385 0.38822115384615385 0.10096153846153846 0.05048076923076923
2 0.8617788461538463 0.561298076923077 0.05528846153846154 0.13701923076923078
2 0.3942307692307693 0.6153846153846154 0.07211538461538462 0.125
6 0.3822115384615385 0.46634615384615385 0.07211538461538462 0.07692307692307693
4 0.514423076923077 0.42307692307692313 0.0625 0.05288461538461539
4 0.4519230769230769 0.42307692307692313 0.05288461538461539 0.06730769230769232
5 0.4639423076923077 0.3161057692307693 0.08653846153846154 0.13701923076923078
2 0.8040865384615385 0.4639423076923077 0.06490384615384616 0.06730769230769232
1 0.0625 0.6670673076923077 0.1201923076923077 0.03125
1 0.17307692307692307 0.3581730769230769 0.34134615384615385 0.20673076923076925
5 0.042067307692307696 0.7524038461538461 0.04567307692307693 0.08653846153846154
