6 0.44230769230769235 0.45072115384615385 0.08173076923076923 0.06971153846153846
2 0.8954326923076924 0.3942307692307693 0.09375 0.0625
2 0.9663461538461539 0.576923076923077 0.04807692307692308 0.15384615384615385
2 0.47836538461538464 0.5901442307692308 0.07692307692307693 0.12740384615384617
5 0.5480769230769231 0.31730769230769235 0.08653846153846154 0.14423076923076925
4 0.5192307692307693 0.4278846153846154 0.057692307692307696 0.06730769230769232
4 0.5973557692307693 0.4290865384615385 0.07451923076923077 0.07451923076923077
2 0.9014423076923077 0.46875 0.06730769230769232 0.06730769230769232
1 0.09375 0.6009615384615385 0.1826923076923077 0.08653846153846154
5 0.11177884615384616 0.6983173076923077 0.05528846153846154 0.09375
