2 0.9086538461538463 0.3978365384615385 0.10576923076923078 0.09375
2 0.4711538461538462 0.592548076923077 0.08653846153846154 0.0889423076923077
6 0.4399038461538462 0.4987980769230769 0.08173076923076923 0.05528846153846154
2 0.9759615384615385 0.5709134615384616 0.04807692307692308 0.14182692307692307
5 0.5504807692307693 0.36418269230769235 0.08173076923076923 0.1514423076923077
4 0.5252403846153847 0.48197115384615385 0.06971153846153846 0.06971153846153846
1 0.19591346153846154 0.5396634615384616 0.3870192307692308 0.06490384615384616
1 0.10336538461538462 0.6814903846153847 0.20192307692307693 0.09375
5 0.12860576923076925 0.7776442307692308 0.06009615384615385 0.09375
2 0.9134615384615385 0.46995192307692313 0.06730769230769232 0.07451923076923077
4 0.6141826923076923 0.46274038461538464 0.07451923076923077 0.06971153846153846
