2 0.9170673076923077 0.35216346153846156 0.09375 0.08413461538461539
2 0.9759615384615385 0.5072115384615384 0.04807692307692308 0.14423076923076925
6 0.4435096153846154 0.5288461538461539 0.07451923076923077 0.08173076923076923
2 0.4723557692307693 0.6298076923076923 0.0889423076923077 0.09615384615384616
5 0.5480769230769231 0.3942307692307693 0.08173076923076923 0.15865384615384617
4 0.5192307692307693 0.5060096153846154 0.0625 0.07932692307692309
4 0.6225961538461539 0.4639423076923077 0.0625 0.08653846153846154
2 0.9170673076923077 0.421875 0.06490384615384616 0.08413461538461539
1 0.25 0.31730769230769235 0.4951923076923077 0.09615384615384616
1 0.12379807692307693 0.717548076923077 0.23317307692307693 0.05528846153846154
5 0.171875 0.8088942307692308 0.06490384615384616 0.09855769230769232
