2 0.9014423076923077 0.2800480769230769 0.11538461538461539 0.07451923076923077
2 0.9254807692307693 0.43509615384615385 0.07211538461538462 0.12980769230769232
2 0.8834134615384616 0.34134615384615385 0.06490384615384616 0.07692307692307693
6 0.39903846153846156 0.3653846153846154 0.07692307692307693 0.08173076923076923
2 0.3978365384615385 0.5805288461538461 0.09855769230769232 0.11298076923076923
4 0.48557692307692313 0.375 0.0625 0.08653846153846154
4 0.5805288461538461 0.375 0.040865384615384616 0.09615384615384616
1 0.15985576923076925 0.6262019230769231 0.31490384615384615 0.06490384615384616
1 0.11057692307692309 0.4639423076923077 0.21153846153846156 0.06730769230769232
5 0.4963942307692308 0.2728365384615385 0.11298076923076923 0.19471153846153846
5 0.14543269230769232 0.5480769230769231 0.04567307692307693 0.07692307692307693
