2 0.4326923076923077 0.5829326923076923 0.0625 0.12259615384615385
2 0.8317307692307693 0.3449519230769231 0.10096153846153846 0.06009615384615385
2 0.9122596153846154 0.5240384615384616 0.06009615384615385 0.14423076923076925
6 0.40625 0.4399038461538462 0.08173076923076923 0.07692307692307693
4 0.4807692307692308 0.3966346153846154 0.057692307692307696 0.0625
5 0.49399038461538464 0.2884615384615385 0.08413461538461539 0.13942307692307693
4 0.5444711538461539 0.3930288461538462 0.06971153846153846 0.06009615384615385
2 0.8473557692307693 0.4206730769230769 0.06971153846153846 0.07211538461538462
1 0.08052884615384616 0.6418269230769231 0.15625 0.04326923076923077
1 0.21514423076923078 0.25240384615384615 0.4254807692307693 0.2403846153846154
7 0.07572115384615385 0.7283653846153847 0.06490384615384616 0.10576923076923078
