2 0.8918269230769231 0.3617788461538462 0.10096153846153846 0.0889423076923077
2 0.9651442307692308 0.5288461538461539 0.05528846153846154 0.14903846153846154
6 0.42307692307692313 0.515625 0.07692307692307693 0.07451923076923077
2 0.4567307692307693 0.6141826923076923 0.08173076923076923 0.09375
4 0.5048076923076923 0.49278846153846156 0.057692307692307696 0.07692307692307693
4 0.5997596153846154 0.4555288461538462 0.07932692307692309 0.08413461538461539
5 0.5336538461538461 0.375 0.08173076923076923 0.17307692307692307
5 0.1358173076923077 0.8088942307692308 0.05528846153846154 0.09855769230769232
1 0.09975961538461539 0.7163461538461539 0.19471153846153846 0.038461538461538464
1 0.21514423076923078 0.06971153846153846 0.4254807692307693 0.13461538461538464
2 0.8954326923076924 0.4362980769230769 0.06490384615384616 0.07932692307692309
