2 0.8954326923076924 0.3653846153846154 0.10336538461538462 0.07211538461538462
2 0.9278846153846154 0.5168269230769231 0.06730769230769232 0.13461538461538464
2 0.41947115384615385 0.5733173076923077 0.08413461538461539 0.11778846153846155
6 0.41105769230769235 0.42668269230769235 0.07211538461538462 0.07932692307692309
5 0.5120192307692308 0.3245192307692308 0.08173076923076923 0.14423076923076925
4 0.4879807692307693 0.4338942307692308 0.07211538461538462 0.07451923076923077
4 0.5913461538461539 0.4278846153846154 0.04326923076923077 0.09134615384615385
1 0.17908653846153846 0.5024038461538461 0.35336538461538464 0.10576923076923078
5 0.14182692307692307 0.6105769230769231 0.038461538461538464 0.09134615384615385
2 0.8834134615384616 0.43509615384615385 0.07451923076923077 0.07211538461538462
