2 0.46875 0.6682692307692308 0.0625 0.125
6 0.4411057692307693 0.5240384615384616 0.07932692307692309 0.07692307692307693
2 0.8810096153846154 0.4495192307692308 0.09855769230769232 0.0625
2 0.9603365384615385 0.6274038461538461 0.06009615384615385 0.14423076923076925
4 0.5132211538461539 0.49399038461538464 0.06009615384615385 0.06971153846153846
4 0.5829326923076923 0.4903846153846154 0.06971153846153846 0.0625
5 0.53125 0.38822115384615385 0.08173076923076923 0.13701923076923078
1 0.19471153846153846 0.42307692307692313 0.38461538461538464 0.21634615384615385
1 0.09134615384615385 0.7127403846153847 0.1778846153846154 0.06009615384615385
5 0.10576923076923078 0.8076923076923077 0.06730769230769232 0.10096153846153846
2 0.8966346153846154 0.5252403846153847 0.08653846153846154 0.06971153846153846
