2 0.8762019230769231 0.3617788461538462 0.09855769230769232 0.07932692307692309
2 0.9278846153846154 0.515625 0.057692307692307696 0.14182692307692307
2 0.43028846153846156 0.6117788461538461 0.09134615384615385 0.10336538461538462
6 0.4050480769230769 0.4915865384615385 0.07932692307692309 0.09375
4 0.4903846153846154 0.4879807692307693 0.07211538461538462 0.09134615384615385
4 0.592548076923077 0.453125 0.06009615384615385 0.0889423076923077
5 0.4987980769230769 0.3786057692307693 0.09375 0.16105769230769232
2 0.873798076923077 0.4375 0.06490384615384616 0.07692307692307693
1 0.10336538461538462 0.6346153846153847 0.20192307692307693 0.05288461538461539
1 0.2668269230769231 0.2608173076923077 0.5288461538461539 0.09855769230769232
5 0.1358173076923077 0.7307692307692308 0.06490384615384616 0.09615384615384616
